13,12
15,11
23,11
27,14
29,13
31,11
34,43
49,11
50,14
50,52
51,42
53,22
54,12
54,26
55,16
55,21
56,11
59,43
60,13
64,11
72,11
80,11
86,13
98,11
100,14
100,28
100,33
100,52
101,23
101,42
102,13
102,27
102,32
102,51
103,22
103,41
104,12
104,26
104,31
105,16
105,21
105,35
106,11
106,25
107,15
108,29
108,53
109,24
109,43
114,11
122,11
130,11
131,15
134,52
136,32
138,12
144,13
148,11
150,23
154,16
154,21
155,11
159,14
159,33
159,52
169,32
175,14
175,52
179,12
189,11
200,23
200,42
201,13
201,27
201,32
201,51
202,22
202,41
203,12
203,26
203,31
203,50
204,16
204,21
204,35
205,11
205,25
206,15
207,29
208,24
208,43
209,14
209,28
209,33
209,52
212,16
225,33
233,14
233,33
238,16
250,51
251,17
251,22
252,12
252,50
253,16
254,11
258,33
258,52
262,11
277,22
279,16
282,14
288,11
296,11
300,13
300,27
300,32
300,51
301,17
301,22
301,41
302,12
302,26
302,31
303,16
303,21
303,35
304,11
304,25
305,15
306,29
307,24
307,43
308,14
308,28
308,33
308,52
309,23
309,42
320,11
328,12
336,12
338,11
344,12
346,11
347,15
350,17
351,12
355,29
359,32
359,51
379,11
385,12
393,12
400,17
400,22
400,41
401,12
401,26
401,31
402,16
402,21
402,35
403,11
403,25
404,15
405,29
406,24
406,43
407,14
407,28
407,33
408,23
408,42
409,13
409,27
409,32
409,51
427,12
435,12
436,21
450,12
452,11
455,43
456,14
456,33
459,22
459,41
471,43
472,14
477,21
500,12
500,26
500,31
501,16
501,21
501,35
502,11
502,25
503,15
504,29
505,24
505,43
506,14
506,28
506,33
506,52
507,23
507,42
508,13
508,27
508,32
508,51
509,22
509,41
535,16
536,25
550,16
550,21
550,35
554,43
555,52
556,42
570,43
577,25
600,16
600,21
600,35
601,11
601,25
602,15
603,29
604,24
604,43
605,14
605,28
605,33
605,52
606,23
606,42
607,13
607,27
607,32
607,51
608,22
608,41
609,12
609,26
609,31
609,50
631,13
638,43
646,43
661,43
670,28
680,13
700,11
700,25
701,15
702,29
703,24
703,43
704,14
704,28
704,33
705,23
705,42
706,13
706,27
706,32
707,17
707,22
707,41
708,12
708,26
708,31
708,50
709,16
709,21
709,35
734,25
754,23
754,42
758,35
775,25
800,15
801,29
802,24
802,43
803,33
803,52
804,23
804,42
805,13
805,27
805,32
805,51
806,22
806,41
807,12
807,26
807,31
807,50
808,16
808,21
808,35
809,11
809,25
829,52
832,21
839,13
851,43
852,52
856,50
859,15
873,21
877,43
900,29
901,24
901,43
902,33
902,52
903,23
903,42
904,13
904,27
904,32
905,22
905,41
906,26
906,31
906,50
907,21
907,35
908,11
908,25
909,15
924,11
936,33
940,11
951,33
954,22
956,21
958,15
1000,23
1000,42
1001,13
1001,27
1001,32
1001,51
1002,17
1002,22
1002,41
1003,26
1003,31
1003,50
1004,21
1004,35
1005,11
1005,25
1006,15
1007,29
1008,24
1008,43
1009,28
1009,33
1051,17
1051,22
1051,41
1052,26
1057,43
1073,43
1100,13
1100,27
1100,32
1101,17
1101,22
1101,41
1102,26
1102,31
1102,50
1103,21
1103,35
1104,11
1104,25
1105,15
1106,29
1107,24
1107,43
1108,28
1108,33
1108,52
1109,23
1109,42
1150,22
1150,41
1152,35
1153,25
1155,29
1157,33
1159,13
1159,32
1176,22
1200,22
1200,41
1201,26
1201,31
1202,21
1202,35
1203,11
1203,25
1204,15
1205,29
1206,24
1206,43
1207,28
1207,33
1207,52
1208,23
1208,42
1209,13
1209,27
1209,32
1209,51
1243,50
1251,21
1253,15
1257,23
1257,42
1258,51
1273,42
1300,26
1300,31
1301,21
1301,35
1302,11
1302,25
1303,15
1304,29
1305,24
1305,43
1306,28
1306,33
1306,52
1307,23
1307,42
1308,13
1308,27
1308,32
1308,51
1309,17
1309,22
1309,41
1350,21
1351,25
1353,29
1357,27
1400,21
1400,35
1401,11
1401,25
1402,15
1403,29
1404,24
1404,43
1405,28
1405,33
1405,52
1406,23
1406,42
1407,13
1407,27
1407,32
1407,51
1408,22
1408,41
1409,26
1409,31
1435,11
1450,11
1451,15
1453,24
1454,52
1468,11
1476,11
1484,11
1492,11
1500,11
1500,25
1501,15
1502,29
1503,24
1503,43
1504,28
1504,33
1504,52
1505,23
1505,42
1506,13
1506,27
1506,32
1507,22
1507,41
1508,26
1508,31
1508,50
1509,21
1509,35
1534,25
1552,43
1556,22
1559,11
1572,22
1575,25
1576,15
1600,15
1601,29
1602,24
1602,43
1603,28
1603,33
1603,52
1604,23
1604,42
1605,13
1605,27
1605,32
1605,51
1606,22
1606,41
1607,26
1607,31
1608,21
1608,35
1609,11
1609,25
1631,31
1636,43
1651,24
1651,43
1653,42
1654,13
1655,41
1700,29
1701,24
1701,43
1702,28
1702,33
1702,52
1703,23
1703,42
1704,13
1704,27
1704,32
1704,51
1705,22
1705,41
1706,26
1706,31
1707,21
1707,35
1708,11
1708,25
1709,15
1725,15
1731,21
1739,22
1750,43
1757,11
1758,15
1770,22
1772,21
1782,15
1800,24
1800,43
1801,33
1801,52
1802,23
1802,42
1803,13
1803,27
1803,32
1803,51
1804,22
1804,41
1805,26
1805,31
1806,21
1806,35
1807,11
1807,25
1808,15
1809,29
1850,33
1851,23
1852,13
1852,51
1853,41
1859,24
1859,43
1875,43
1876,33
1900,28
1900,33
1901,23
1901,42
1902,13
1902,27
1902,32
1902,51
1903,17
1903,22
1903,41
1904,26
1904,31
1904,50
1905,21
1905,35
1906,25
1907,15
1908,29
1909,24
1909,43
1919,22
1925,43
1929,22
1939,21
1945,22
1950,23
1950,42
1951,13
1956,15
1957,29
1958,43
1960,22
1970,21
1988,22
2000,17
2000,22
2000,41
2001,26
2001,31
2001,50
2002,21
2002,35
2003,25
2004,15
2005,29
2006,24
2006,43
2007,28
2007,33
2008,23
2008,42
2009,13
2009,27
2009,32
2026,22
2036,21
2050,31
2052,25
2054,29
2055,43
2056,33
2057,23
2057,42
2059,22
2073,42
2075,22
2077,21
2081,42
2083,22
2091,22
2099,42
2100,26
2100,31
2100,50
2101,21
2101,35
2102,25
2103,15
2104,29
2105,24
2105,43
2106,28
2106,33
2107,23
2107,42
2108,13
2108,27
2108,32
2109,17
2109,22
2109,41
2117,22
2131,42
2133,22
2150,21
2151,25
2152,15
2154,43
2155,52
2156,42
2158,17
2159,50
2174,22
2200,21
2200,35
2201,25
2202,15
2203,29
2204,24
2204,43
2205,28
2205,33
2206,23
2206,42
2207,13
2207,27
2207,32
2208,17
2208,22
2208,41
2209,26
2209,31
2209,50
2220,43
2238,43
2251,22
2252,29
2253,43
2254,33
2256,32
2270,33
2300,25
2301,15
2302,29
2303,24
2303,43
2304,28
2304,33
2305,23
2305,42
2306,13
2306,27
2306,32
2307,17
2307,22
2307,41
2308,26
2308,31
2308,50
2309,21
2309,35
2325,21
2352,43
2353,52
2355,27
2358,21
2374,21
2378,43
2400,15
2401,29
2402,24
2402,43
2403,28
2403,33
2404,23
2404,42
2405,13
2405,27
2405,32
2406,17
2406,22
2406,41
2407,26
2407,31
2407,50
2408,21
2408,35
2409,25
2438,42
2451,43
2452,33
2453,42
2454,32
2455,22
2500,29
2501,24
2501,43
2502,28
2502,33
2502,52
2503,23
2503,42
2504,13
2504,27
2504,32
2504,51
2505,22
2505,41
2506,26
2506,31
2507,21
2507,35
2508,25
2509,15
2537,42
2539,22
2553,13
2553,27
2553,32
2554,17
2554,22
2556,21
2578,42
2584,43
2600,24
2600,43
2601,28
2601,33
2601,52
2602,23
2602,42
2603,13
2603,27
2603,32
2603,51
2604,22
2604,41
2605,26
2605,31
2605,50
2606,21
2606,35
2607,25
2608,15
2609,29
2637,51
2652,32
2653,22
2658,29
2659,43
2678,51
2686,51
2694,51
2700,28
2700,33
2701,23
2701,42
2702,13
2702,27
2702,32
2702,51
2703,17
2703,22
2703,41
2704,26
2704,31
2704,50
2705,21
2705,35
2706,25
2707,15
2708,29
2709,24
2709,43
2711,22
2729,22
2737,22
2752,22
2752,41
2754,21
2754,35
2756,15
2764,15
2772,15
2778,22
2793,51
2800,23
2800,42
2801,13
2801,27
2801,32
2802,22
2802,41
2803,26
2803,31
2803,50
2804,21
2804,35
2805,25
2806,15
2807,29
2808,24
2808,43
2809,28
2809,33
2809,52
2850,51
2851,22
2852,31
2855,15
2858,33
2859,42
2875,42
2900,13
2900,27
2900,32
2901,17
2901,22
2901,41
2902,26
2902,31
2902,50
2903,21
2903,35
2904,25
2905,15
2906,29
2907,24
2907,43
2908,28
2908,33
2909,23
2909,42
2939,15
2951,50
2954,15
3000,21
3000,35
3001,25
3002,15
3003,29
3004,24
3004,43
3005,28
3005,33
3006,23
3006,42
3007,13
3007,27
3007,32
3007,51
3008,17
3008,22
3008,41
3009,26
3009,31
3024,41
3040,41
3044,15
3056,32
3056,51
3057,17
3057,41
3073,17
3077,15
3093,15
3100,25
3101,15
3102,29
3103,24
3103,43
3104,28
3104,33
3104,52
3105,23
3105,42
3106,13
3106,27
3106,32
3106,51
3107,17
3107,22
3107,41
3108,26
3108,31
3108,50
3109,21
3109,35
3125,21
3130,32
3154,42
3156,41
3157,50
3158,21
3158,35
3163,32
3174,21
3200,15
3201,29
3202,24
3202,43
3203,28
3203,33
3203,52
3204,23
3204,42
3205,13
3205,27
3205,32
3205,51
3206,17
3206,22
3206,41
3207,26
3207,31
3207,50
3208,21
3208,35
3209,25
3222,41
3230,22
3235,29
3251,24
3253,42
3254,51
3255,22
3256,50
3257,21
3271,22
3276,29
3300,29
3301,24
3301,43
3302,28
3302,33
3302,52
3303,23
3303,42
3304,13
3304,27
3304,32
3304,51
3305,17
3305,22
3305,41
3306,26
3306,31
3306,50
3307,21
3307,35
3308,25
3309,15
3320,32
3346,32
3353,32
3353,51
3354,22
3354,41
3356,35
3361,51
3370,41
3379,51
3400,24
3400,43
3401,28
3401,33
3401,52
3402,23
3402,42
3403,13
3403,27
3403,32
3403,51
3404,22
3404,41
3405,26
3405,31
3406,21
3406,35
3407,25
3408,15
3409,29
3420,22
3437,51
3452,51
3453,22
3453,41
3454,26
3454,50
3457,15
3479,41
3488,50
3500,28
3500,33
3500,52
3501,23
3501,42
3502,13
3502,27
3502,32
3502,51
3503,22
3503,41
3504,26
3504,31
3504,50
3505,21
3505,35
3506,25
3507,15
3508,29
3509,24
3509,43
3536,13
3554,21
3555,25
3558,43
3559,52
3569,13
3575,52
3600,23
3600,42
3601,13
3601,27
3601,32
3601,51
3602,17
3602,22
3602,41
3603,26
3603,31
3604,21
3604,35
3605,25
3606,15
3607,29
3608,24
3608,43
3609,28
3609,33
3609,52
3659,23
3673,43
3700,13
3700,27
3700,32
3700,51
3701,17
3701,22
3701,41
3702,26
3702,31
3702,50
3703,21
3703,35
3704,25
3705,15
3706,29
3707,24
3707,43
3708,28
3708,33
3709,23
3709,42
3750,22
3751,31
3751,50
3752,21
3753,25
3754,15
3756,24
3759,27
3800,17
3800,22
3800,41
3801,26
3801,31
3801,50
3802,21
3802,35
3803,25
3804,15
3805,29
3806,24
3806,43
3807,28
3807,33
3807,52
3808,23
3808,42
3809,13
3809,27
3809,32
3809,51
3826,17
3842,17
3856,33
3858,51
3859,22
3867,17
3883,17
3891,17
3900,26
3900,31
3900,50
3901,21
3901,35
3902,25
3903,15
3904,29
3905,24
3905,43
3906,28
3906,33
3906,52
3907,23
3907,42
3908,13
3908,27
3908,32
3908,51
3909,17
3909,22
3909,41
3926,26
3931,23
3939,52
3950,35
3953,29
3955,33
3956,23
3956,42
3957,13
3957,51
3958,41
3962,52
4000,15
4001,29
4002,24
4002,43
4003,28
4003,33
4003,52
4004,23
4004,42
4005,13
4005,27
4005,32
4006,22
4006,41
4007,26
4007,31
4007,50
4008,21
4008,35
4009,25
4033,25
4050,29
4054,32
4055,41
4057,21
4059,15
4062,13
4073,21
4074,25
4081,21
4099,21
4100,29
4101,24
4101,43
4102,28
4102,33
4102,52
4103,23
4103,42
4104,13
4104,27
4104,32
4104,51
4105,17
4105,22
4105,41
4106,26
4106,31
4106,50
4107,21
4107,35
4108,25
4109,15
4110,33
4128,33
4144,33
4151,33
4152,42
4154,22
4155,26
4157,25
4178,42
4194,42
4200,24
4200,43
4201,28
4201,33
4201,52
4202,23
4202,42
4203,13
4203,27
4203,32
4203,51
4204,22
4204,41
4205,26
4205,31
4206,21
4206,35
4207,25
4208,15
4209,29
4236,23
4237,13
4250,52
4251,23
4251,42
4252,32
4253,41
4260,13
4269,23
4277,23
4285,23
4300,28
4300,33
4300,52
4301,23
4301,42
4302,13
4302,27
4302,32
4303,22
4303,41
4304,26
4304,31
4304,50
4305,21
4305,35
4306,25
4307,15
4308,29
4309,24
4309,43
4350,23
4350,42
4351,32
4352,22
4355,25
4358,43
4400,23
4400,42
4401,13
4401,27
4401,32
4402,22
4402,41
4403,26
4403,31
4403,50
4404,21
4404,35
4405,25
4406,15
4407,29
4408,24
4408,43
4409,28
4409,33
4409,52
4422,15
4428,41
4451,41
4452,31
4455,15
4458,28
4459,23
4459,42
4500,27
4500,32
4500,51
4501,22
4501,41
4502,26
4502,31
4502,50
4503,21
4503,35
4504,25
4505,15
4506,29
4507,24
4507,43
4508,28
4508,33
4508,52
4509,23
4509,42
4524,33
4526,51
4542,51
4550,22
4552,21
4557,33
4557,52
4558,42
4559,32
4559,51
4600,17
4600,22
4600,41
4601,26
4601,31
4601,50
4602,21
4602,35
4603,25
4604,15
4605,29
4606,24
4606,43
4607,28
4607,33
4607,52
4608,23
4608,42
4609,27
4609,32
4609,51
4614,43
4622,43
4628,21
4630,43
4651,21
4655,43
4656,52
4657,23
4658,32
4659,22
4659,41
4663,43
4671,43
4677,21
4689,43
4697,43
4700,26
4700,31
4700,50
4701,21
4701,35
4702,25
4703,15
4704,29
4705,24
4705,43
4706,28
4706,33
4706,52
4707,23
4707,42
4708,27
4708,32
4709,22
4709,41
4713,43
4752,15
4753,29
4755,33
4756,42
4800,21
4800,35
4801,25
4802,15
4803,29
4804,24
4804,43
4805,28
4805,33
4805,52
4806,23
4806,42
4807,27
4807,32
4807,51
4808,22
4808,41
4809,26
4809,31
4809,50
4850,25
4852,29
4853,24
4853,43
4854,52
4900,25
4901,15
4902,29
4903,24
4903,43
4904,28
4904,33
4904,52
4905,23
4905,42
4906,27
4906,32
4906,51
4907,22
4907,41
4908,26
4908,31
4908,50
4909,21
4909,35
4950,15
4952,43
4953,52
4954,23
4955,32
4976,15
5000,28
5000,33
5000,52
5001,23
5001,42
5002,27
5002,32
5002,51
5003,22
5003,41
5004,26
5004,31
5004,50
5005,21
5005,35
5006,25
5007,15
5008,29
5009,24
5009,43
5010,32
5031,15
5036,32
5059,52
5064,15
5069,32
5100,23
5100,42
5101,27
5101,32
5101,51
5102,17
5102,22
5102,41
5103,26
5103,31
5103,50
5104,21
5104,35
5105,25
5106,15
5107,29
5108,24
5108,43
5109,28
5109,33
5109,52
5116,43
5124,43
5132,43
5133,33
5150,32
5150,51
5151,22
5152,26
5152,50
5153,21
5156,29
5157,43
5158,33
5159,42
5173,43
5175,42
5176,32
5176,51
5191,42
5200,27
5200,32
5200,51
5201,22
5201,41
5202,26
5202,31
5202,50
5203,21
5203,35
5204,25
5205,15
5206,29
5207,24
5207,43
5208,28
5208,33
5208,52
5209,23
5209,42
5233,23
5234,51
5238,25
5250,22
5251,50
5259,51
5266,23
5276,22
5279,25
5300,22
5300,41
5301,26
5301,31
5302,21
5302,35
5303,25
5304,15
5305,29
5306,24
5306,43
5307,28
5307,33
5307,52
5308,23
5308,42
5309,27
5309,32
5309,51
5332,23
5351,21
5351,35
5352,25
5355,43
5357,23
5357,42
5359,22
5371,43
5400,26
5400,31
5400,50
5401,21
5401,35
5402,25
5403,15
5404,29
5405,24
5405,43
5406,28
5406,33
5406,52
5407,23
5407,42
5408,27
5409,22
5409,41
5427,21
5431,42
5437,15
5439,43
5447,43
5450,21
5454,43
5455,52
5456,42
5458,22
5459,26
5471,52
5476,21
5486,15
5494,15
5497,52
5500,21
5500,35
5501,25
5502,15
5503,29
5504,24
5504,43
5505,28
5505,33
5506,23
5506,42
5507,27
5507,51
5508,17
5508,22
5508,41
5509,26
5509,31
5513,52
5516,22
5521,52
5524,22
5532,22
5536,15
5540,22
5551,15
5554,33
5555,42
5557,17
5557,22
5565,22
5573,22
5580,51
5581,22
5587,43
5599,22
5600,25
5601,15
5602,29
5603,24
5603,43
5604,28
5604,33
5605,23
5605,42
5606,27
5606,51
5607,17
5607,22
5607,41
5608,26
5608,31
5608,50
5609,21
5609,35
5622,51
5635,15
5650,15
5654,23
5658,21
5681,50
5700,15
5701,29
5702,24
5702,43
5703,28
5703,33
5703,52
5704,23
5704,42
5705,27
5706,22
5706,41
5707,26
5707,31
5707,50
5708,21
5708,35
5709,25
5752,33
5800,29
5801,24
5801,43
5802,28
5802,33
5802,52
5803,23
5803,42
5804,27
5805,22
5805,41
5806,26
5806,50
5807,21
5807,35
5808,25
5809,15
5835,43
5850,43
5854,22
5871,43
5900,24
5900,43
5901,28
5901,33
5901,52
5902,23
5902,42
5903,27
5903,51
5904,22
5904,41
5905,26
5905,31
5906,21
5906,35
5907,25
5908,15
5909,29
5922,21
5934,43
5948,21
5953,22
5959,43
5963,21
5975,43
5989,21
6000,27
6000,51
6001,17
6001,22
6001,41
6002,26
6002,31
6002,50
6003,21
6003,35
6004,25
6005,15
6006,29
6007,24
6007,43
6008,28
6008,33
6009,23
6009,42
6050,22
6056,43
6072,43
6100,17
6100,22
6100,41
6101,26
6101,31
6102,21
6102,35
6103,25
6104,15
6105,29
6106,24
6106,43
6107,28
6107,33
6108,23
6108,42
6109,27
6109,51
6112,15
6130,43
6138,15
6155,24
6156,33
6158,51
6161,15
6174,51
6182,51
6187,15
6190,51
6195,15
6200,26
6200,31
6200,50
6201,21
6201,35
6202,25
6203,15
6204,29
6205,24
6205,43
6206,28
6206,33
6206,52
6207,23
6207,42
6208,27
6208,51
6209,22
6209,41
6216,51
6224,51
6232,51
6240,51
6251,25
6256,23
6257,51
6258,17
6259,50
6265,51
6273,51
6275,50
6281,51
6299,51
6300,21
6300,35
6301,25
6302,15
6303,29
6304,24
6304,43
6305,28
6305,33
6305,52
6306,23
6306,42
6307,27
6307,51
6308,22
6308,41
6309,26
6309,31
6309,50
6315,51
6320,43
6326,21
6351,15
6353,43
6357,22
6358,50
6359,21
6359,35
6372,51
6375,21
6379,43
6400,25
6401,15
6402,29
6403,24
6403,43
6404,28
6404,52
6405,23
6405,42
6406,27
6407,22
6407,41
6408,26
6408,31
6408,50
6409,21
6409,35
6422,27
6422,51
6429,43
6448,27
6452,43
6455,51
6456,41
6500,15
6501,29
6502,24
6502,43
6503,28
6503,52
6504,23
6504,42
6505,27
6505,51
6506,17
6506,22
6506,41
6507,26
6507,31
6508,21
6508,35
6509,25
6551,43
6553,23
6555,41
6559,15
6571,41
6583,15
6600,29
6601,24
6601,43
6602,28
6602,52
6603,23
6603,42
6604,27
6605,22
6605,41
6606,26
6606,31
6606,50
6607,21
6607,35
6608,25
6609,15
6631,21
6652,42
6653,51
6654,22
6655,31
6670,22
6672,21
6696,22
6700,24
6700,43
6701,28
6701,52
6702,23
6702,42
6703,27
6703,51
6704,22
6704,41
6705,26
6705,31
6706,21
6706,35
6707,25
6708,15
6709,29
6720,22
6734,43
6751,42
6752,51
6753,22
6755,21
6759,43
6767,43
6778,51
6800,28
6800,52
6801,23
6801,42
6802,27
6802,51
6803,22
6803,41
6804,26
6804,31
6805,21
6805,35
6806,25
6807,15
6808,29
6809,24
6809,43
6824,29
6828,51
6851,51
6852,41
6857,29
6873,29
6899,29
6900,23
6900,42
6901,27
6902,22
6902,41
6903,26
6903,31
6903,50
6904,21
6904,35
6905,25
6906,15
6907,29
6908,24
6908,43
6909,28
6909,52
6924,43
6932,43
6951,22
6957,43
6973,43
7000,26
7000,31
7001,21
7001,35
7002,25
7003,15
7004,29
7005,24
7005,43
7006,28
7007,23
7007,42
7008,27
7008,51
7009,17
7009,22
7009,41
7040,51
7054,43
7065,51
7100,21
7100,35
7101,25
7102,15
7103,29
7104,24
7104,43
7105,28
7105,52
7106,23
7106,42
7107,27
7107,51
7108,17
7108,22
7108,41
7109,26
7109,31
7109,50
7124,41
7151,15
7156,51
7157,41
7159,35
7180,51
7198,51
7200,25
7201,15
7202,29
7203,24
7203,43
7204,28
7205,23
7205,42
7206,27
7206,51
7207,17
7207,22
7207,41
7208,26
7208,31
7208,50
7209,21
7209,35
7248,51
7252,24
7253,52
7254,23
7256,41
7258,21
7263,51
7297,51
7300,15
7301,29
7302,24
7302,43
7303,28
7304,23
7304,42
7305,27
7305,51
7306,17
7306,22
7306,41
7307,26
7307,31
7307,50
7308,21
7308,35
7309,25
7352,52
7354,51
7355,22
7357,21
7400,29
7401,24
7401,43
7402,28
7402,52
7403,23
7403,42
7404,27
7404,51
7405,17
7405,22
7405,41
7406,26
7406,31
7406,50
7407,21
7407,35
7408,25
7409,15
7450,43
7456,21
7456,35
7458,15
7466,15
7474,15
7500,24
7500,43
7501,28
7501,52
7502,23
7502,42
7503,27
7504,22
7504,41
7505,26
7505,31
7505,50
7506,21
7506,35
7507,25
7508,15
7509,29
7520,41
7535,52
7538,41
7546,41
7553,17
7553,22
7553,41
7554,50
7558,29
7559,43
7577,42
7578,51
7600,28
7600,52
7601,23
7601,42
7602,27
7602,51
7603,22
7603,41
7604,26
7604,31
7605,21
7605,35
7606,25
7607,15
7608,29
7609,24
7609,43
7635,23
7650,23
7650,42
7652,17
7652,41
7653,26
7684,42
7695,50
7700,23
7700,42
7701,27
7701,51
7702,17
7702,22
7702,41
7703,26
7703,31
7703,50
7704,21
7704,35
7705,25
7706,15
7707,29
7708,24
7708,43
7736,41
7743,51
7750,51
7751,22
7751,41
7752,26
7753,35
7755,15
7759,42
7768,51
7776,51
7777,22
7792,51
7793,22
7800,27
7800,51
7801,22
7801,41
7802,26
7802,31
7802,50
7803,21
7803,35
7804,25
7805,15
7806,29
7807,24
7807,43
7808,52
7809,23
7809,42
7815,43
7831,43
7850,22
7850,41
7858,42
7859,51
7864,43
7875,51
7883,51
7900,22
7900,41
7901,26
7901,31
7901,50
7902,21
7902,35
7903,25
7904,15
7905,29
7906,24
7906,43
7907,52
7908,23
7908,42
7909,27
7909,51
7925,51
7934,22
7935,50
7941,51
7950,26
7950,50
7953,15
7958,51
7959,22
7961,15
7976,50
7979,15
8000,25
8001,15
8002,29
8003,24
8003,43
8004,52
8005,23
8005,42
8006,27
8006,51
8007,22
8007,41
8008,26
8008,31
8008,50
8009,21
8009,35
8035,15
8050,15
8052,43
8055,51
8057,26
8058,21
8078,43
8084,15
8100,15
8101,29
8102,24
8102,43
8103,52
8104,23
8104,42
8105,27
8105,51
8106,22
8106,41
8107,26
8107,31
8108,21
8108,35
8109,25
8126,15
8152,52
8159,15
8200,29
8201,24
8201,43
8203,23
8203,42
8204,27
8204,51
8205,17
8205,22
8205,41
8206,26
8206,31
8207,21
8207,35
8208,25
8209,15
8250,43
8254,17
8255,26
8255,31
8256,21
8300,24
8300,43
8301,52
8302,23
8302,42
8303,27
8303,51
8304,17
8304,22
8304,41
8305,26
8305,31
8305,50
8306,21
8306,35
8307,25
8308,15
8309,29
8320,41
8351,23
8352,51
8357,15
8377,23
8400,52
8401,23
8401,42
8402,27
8402,51
8403,22
8403,41
8404,26
8404,31
8404,50
8405,21
8405,35
8406,25
8407,15
8408,29
8409,24
8409,43
8433,43
8450,42
8452,41
8453,26
8454,21
8458,43
8500,23
8500,42
8501,27
8501,51
8502,22
8502,41
8503,26
8503,31
8504,21
8504,35
8505,25
8507,29
8508,24
8508,43
8509,52
8551,22
8551,41
8552,31
8554,25
8600,27
8600,51
8601,22
8601,41
8602,26
8602,31
8603,21
8603,35
8604,25
8606,29
8607,24
8607,43
8608,52
8609,23
8609,42
8650,22
8650,41
8656,43
8700,22
8700,41
8701,26
8701,31
8702,21
8702,35
8703,25
8705,29
8706,24
8706,43
8707,52
8708,23
8708,42
8709,27
8750,26
8800,26
8800,31
8801,21
8801,35
8802,25
8804,29
8805,24
8805,43
8806,52
8807,23
8807,42
8808,27
8808,51
8809,22
8809,41
8854,43
8857,51
8858,22
8874,22
8900,21
8900,35
8901,25
8903,29
8904,24
8904,43
8905,52
8906,23
8906,42
8907,27
8907,51
8908,22
8908,41
8909,26
8909,31
8953,24
8955,42
8956,27
8956,51
8957,41
9000,29
9001,43
9003,23
9003,42
9004,27
9005,17
9005,22
9005,41
9006,26
9006,31
9007,21
9007,35
9008,25
9050,43
9056,21
9057,25
9100,24
9100,43
9101,52
9102,23
9102,42
9103,27
9104,22
9104,41
9105,26
9105,31
9106,21
9106,35
9107,25
9109,29
9126,43
9150,52
9151,42
9152,27
9153,22
9154,26
9156,25
9159,43
9177,42
9200,52
9201,23
9201,42
9202,27
9203,22
9203,41
9204,26
9204,31
9205,21
9205,35
9206,25
9208,29
9209,24
9209,43
9239,21
9253,31
9254,35
9258,43
9270,21
9291,52
9300,23
9300,42
9301,27
9302,17
9302,22
9302,41
9303,26
9303,31
9304,21
9304,35
9305,25
9307,29
9308,24
9308,43
9332,24
9339,25
9351,22
9370,25
9377,22
9396,25
9400,27
9401,22
9401,41
9402,26
9402,31
9403,21
9403,35
9404,25
9406,29
9407,24
9407,43
9408,52
9409,23
9409,42
9450,22
9451,31
9452,21
9452,35
9457,52
9458,23
9458,42
9500,17
9500,22
9500,41
9501,26
9501,31
9502,21
9502,35
9503,25
9505,29
9506,24
9506,43
9508,23
9508,42
9551,21
9555,43
9559,22
9571,43
9600,26
9600,31
9601,21
9601,35
9602,25
9604,29
9605,24
9605,43
9606,52
9607,23
9607,42
9609,22
9609,41
9654,43
9658,22
9658,41
9700,21
9700,35
9701,25
9703,29
9704,24
9704,43
9705,52
9706,23
9706,42
9708,22
9708,41
9709,26
9709,31
9753,43
9757,22
9757,41
9759,21
9800,25
9802,29
9803,24
9803,43
9804,52
9805,23
9805,42
9807,17
9807,22
9807,41
9808,26
9808,31
9809,21
9809,35
9854,42
9856,22
9872,22
9901,29
9902,24
9902,43
9903,52
9904,23
9904,42
9906,22
9906,41
9907,26
9907,31
9908,21
9908,35
9909,25
9937,52
9951,43
9952,52
9955,22
9957,35
9971,22
10000,52
10001,23
10001,42
10003,22
10003,41
10004,26
10004,31
10005,21
10005,35
10006,25
10008,29
10009,24
10009,43
10035,42
10039,21
10050,42
10052,22
10052,41
10057,29
10078,41
10100,23
10100,42
10102,22
10102,41
10103,26
10103,31
10104,21
10104,35
10105,25
10107,29
10108,24
10108,43
10109,52
10153,35
10158,52
10201,22
10201,41
10202,26
10202,31
10203,21
10203,35
10204,25
10206,29
10207,24
10207,43
10208,52
10209,23
10209,42
10237,21
10256,24
10258,23
10278,21
10300,22
10300,41
10301,26
10301,31
10302,21
10302,35
10303,25
10305,29
10306,24
10306,43
10307,52
10308,23
10308,42
10330,43
10359,22
10363,43
10375,22
10383,22
10391,22
10400,26
10400,31
10401,21
10401,35
10402,25
10404,29
10405,24
10405,43
10406,52
10407,23
10407,42
10409,22
10409,41
10413,43
10439,43
10462,43
10500,21
10500,35
10501,25
10503,29
10504,24
10504,43
10506,23
10506,42
10508,17
10508,22
10508,41
10509,26
10509,31
10538,43
10553,43
10555,42
10562,52
10579,43
10600,25
10602,29
10603,24
10603,43
10604,52
10605,23
10605,42
10607,22
10607,41
10608,26
10608,31
10609,21
10609,35
10623,22
10631,22
10652,43
10656,22
10656,41
10658,21
10659,25
10701,29
10702,24
10702,43
10704,23
10704,42
10706,17
10706,22
10706,41
10707,26
10707,31
10708,21
10708,35
10709,25
10727,29
10750,29
10751,43
10776,29
10800,29
10801,24
10801,43
10802,52
10803,23
10803,42
10805,22
10805,41
10806,26
10806,31
10807,21
10807,35
10808,25
10850,43
10852,23
10852,42
10856,21
10859,29
10876,43
10900,24
10900,43
10901,52
10902,23
10902,42
10904,17
10904,22
10904,41
10905,26
10905,31
10906,21
10906,35
10907,25
10909,29
10938,22
10951,23
10953,22
10953,41
10979,22
11001,22
11001,41
11002,26
11002,31
11003,21
11003,35
11004,25
11006,29
11007,24
11007,43
11008,52
11009,23
11009,42
11029,21
11052,21
11056,24
11058,42
11078,21
11100,17
11100,22
11100,41
11101,26
11101,31
11102,21
11102,35
11103,25
11105,29
11106,24
11106,43
11108,23
11108,42
11122,43
11130,43
11150,31
11155,43
11200,26
11200,31
11201,21
11201,35
11202,25
11204,29
11205,24
11205,43
11206,52
11207,23
11207,42
11209,22
11209,41
11231,23
11239,43
11250,21
11253,29
11254,43
11256,42
11258,41
11264,23
11270,43
11300,21
11300,35
11301,25
11303,29
11304,43
11305,52
11306,23
11306,42
11308,22
11308,41
11309,26
11309,31
11355,23
11357,22
11400,25
11402,29
11403,24
11403,43
11404,52
11405,23
11405,42
11407,22
11407,41
11408,26
11408,31
11409,21
11409,35
11429,24
11429,43
11454,42
11501,29
11502,24
11502,43
11503,52
11504,23
11504,42
11506,17
11506,22
11506,41
11507,26
11507,31
11508,21
11508,35
11509,25
11532,21
11533,26
11555,41
11573,21
11600,29
11601,24
11601,43
11602,52
11603,23
11603,42
11605,22
11605,41
11606,26
11606,31
11607,21
11607,35
11608,25
11627,43
11631,21
11643,43
11652,42
11659,29
11672,21
11700,24
11700,43
11701,52
11702,23
11702,42
11704,22
11704,41
11705,26
11705,31
11706,21
11706,35
11707,25
11709,29
11718,43
11722,21
11734,43
11748,21
11751,42
11759,43
11763,21
11775,43
11789,21
11791,43
11800,52
11801,23
11801,42
11803,17
11803,41
11804,26
11804,31
11805,21
11806,25
11808,29
11809,24
11809,43
11850,42
11857,29
11876,42
11892,42
11900,23
11900,42
11902,17
11902,41
11903,26
11903,31
11904,21
11904,35
11905,25
11907,29
11908,24
11908,43
11909,52
11951,17
11953,21
11959,23
11981,43
12000,26
12000,31
12001,21
12001,35
12002,25
12004,29
12005,24
12005,43
12006,52
12007,23
12007,42
12009,17
12009,41
12036,25
12054,43
12055,52
12056,42
12059,31
12077,25
12100,21
12100,35
12101,25
12103,29
12104,24
12104,43
12105,52
12106,23
12106,42
12108,41
12109,26
12109,31
12138,43
12153,43
12157,17
12179,43
12200,25
12202,29
12203,24
12203,43
12204,52
12205,23
12205,42
12207,41
12208,26
12208,31
12209,21
12209,35
12233,21
12239,42
12252,43
12253,52
12254,42
12270,42
12274,21
12301,29
12302,24
12302,43
12303,52
12304,23
12304,42
12306,41
12307,26
12307,31
12308,21
12308,35
12309,25
12351,43
12377,43
12385,43
12400,29
12401,24
12401,43
12403,23
12403,42
12405,17
12405,41
12406,26
12406,31
12407,21
12407,35
12408,25
12427,43
12443,43
12450,43
12454,17
12455,26
12456,21
12471,26
12476,43
12500,24
12500,43
12501,52
12502,23
12502,42
12504,17
12504,41
12505,26
12505,31
12506,21
12506,35
12507,25
12509,29
12554,26
12559,24
12600,52
12601,23
12601,42
12603,41
12604,26
12604,31
12605,21
12605,35
12606,25
12608,29
12609,24
12609,43
12617,43
12625,43
12650,42
12653,31
12658,43
12674,43
12700,23
12700,42
12702,17
12702,41
12703,26
12703,31
12704,21
12704,35
12705,25
12707,29
12708,24
12708,43
12709,52
12721,25
12747,25
12751,41
12754,25
12757,43
12762,25
12788,25
12801,17
12801,41
12802,26
12802,31
12803,21
12803,35
12804,25
12806,29
12807,24
12807,43
12808,52
12809,23
12809,42
12852,21
12900,41
12901,26
12901,31
12902,21
12902,35
12903,25
12905,29
12906,24
12906,43
12907,52
12908,23
12908,42
12955,43
12956,52
12959,41
13000,25
13002,29
13003,24
13003,43
13004,52
13005,23
13005,42
13007,41
13008,26
13008,31
13009,21
13009,35
13011,43
13037,43
13053,52
13060,43
13086,43
13087,52
13101,29
13102,24
13102,43
13103,52
13104,23
13104,42
13106,41
13107,26
13107,31
13108,35
13109,25
13153,42
13158,25
13200,29
13201,24
13201,43
13203,23
13203,42
13205,17
13205,41
13206,26
13206,31
13207,35
13208,25
13252,23
13254,41
13300,24
13300,43
13302,23
13302,42
13304,17
13304,41
13305,26
13305,31
13306,35
13307,25
13309,29
13334,43
13351,23
13351,42
13356,25
13359,24
13359,43
13375,43
13391,43
13400,52
13401,23
13401,42
13403,41
13404,26
13404,31
13405,35
13406,25
13408,29
13409,24
13409,43
13425,43
13429,41
13441,43
13452,41
13457,29
13466,43
13490,43
13500,23
13500,42
13502,41
13503,26
13503,31
13504,35
13505,25
13507,29
13508,24
13508,43
13509,52
13557,24
13559,23
13601,17
13601,41
13602,26
13602,31
13603,35
13604,25
13606,29
13607,24
13607,43
13609,23
13609,42
13653,25
13656,43
13700,17
13700,41
13701,26
13701,31
13702,35
13703,25
13705,29
13706,24
13706,43
13707,52
13708,23
13708,42
13734,41
13756,52
13757,23
13759,41
13772,52
13800,26
13800,31
13801,35
13802,25
13804,29
13805,24
13805,43
13806,52
13807,23
13807,42
13809,17
13809,41
13850,35
13851,25
13855,52
13900,35
13901,25
13903,29
13904,24
13904,43
13905,52
13906,23
13906,42
13908,41
13909,26
13909,31
13927,25
13943,25
13953,43
13955,23
13957,17
13968,25
13984,25
14000,29
14001,24
14001,43
14002,52
14003,23
14003,42
14005,41
14006,26
14006,31
14007,21
14007,35
14008,25
14027,43
14035,43
14050,43
14051,52
14068,43
14076,43
14100,24
14100,43
14101,52
14102,23
14102,42
14104,41
14105,26
14105,31
14106,35
14107,25
14109,29
14134,43
14151,42
14159,24
14159,43
14175,43
14201,42
14203,17
14203,41
14204,26
14204,31
14205,35
14206,25
14208,29
14209,24
14209,43
14300,42
14302,17
14302,41
14303,26
14303,31
14304,35
14305,25
14307,29
14308,24
14308,43
14351,41
14401,41
14402,26
14402,31
14403,35
14404,25
14406,29
14407,24
14407,43
14408,52
14409,42
14423,43
14453,25
14456,24
14456,43
14464,43
14472,43
14498,43
14500,41
14501,26
14501,31
14502,35
14503,25
14505,29
14506,24
14506,43
14507,52
14508,42
14548,43
14550,31
14552,25
14555,43
14600,26
14600,31
14601,35
14602,25
14604,29
14605,24
14605,43
14606,52
14607,42
14609,41
14651,25
14653,29
14700,35
14701,25
14703,29
14704,24
14704,43
14705,52
14706,42
14708,41
14709,26
14709,31
14753,24
14753,43
14779,43
14787,43
14800,25
14802,29
14803,24
14803,43
14804,52
14805,42
14807,41
14808,26
14808,31
14809,35
14838,52
14857,26
14861,52
14879,52
14880,17
14901,29
14902,24
14902,43
14903,52
14904,42
14906,41
14907,31
14908,35
14909,25
14924,35
14957,35
15000,42
15002,17
15002,41
15003,26
15003,31
15004,35
15005,25
15007,29
15008,24
15008,43
15009,52
15057,43
15059,42
15073,43
15075,42
15101,17
15101,41
15102,26
15102,31
15103,35
15104,25
15106,29
15107,43
15109,42
15129,35
15131,43
15149,43
15150,17
15152,35
15156,43
15172,43
15186,35
15194,35
15200,41
15201,26
15201,31
15202,35
15203,25
15205,29
15206,43
15207,52
15208,42
15231,52
15256,52
15259,17
15300,26
15300,31
15301,35
15302,25
15304,29
15305,43
15306,52
15307,42
15309,41
15313,43
15321,43
15350,35
15353,29
15354,43
15356,42
15358,41
15359,31
15400,35
15401,25
15403,29
15404,43
15405,52
15406,42
15408,41
15409,26
15409,31
15453,43
15455,42
15457,41
15458,31
15474,31
15500,25
15502,29
15503,43
15504,52
15505,42
15507,17
15507,41
15508,26
15508,31
15509,35
15552,43
15554,42
15601,29
15602,43
15603,52
15604,42
15606,41
15607,26
15607,31
15608,35
15609,25
15652,52
15653,42
15657,35
15679,42
15687,42
15695,42
15700,29
15701,43
15702,52
15703,42
15705,17
15705,41
15706,26
15706,31
15707,35
15708,25
15739,41
15750,43
15752,42
15754,17
15754,41
15800,43
15801,52
15802,42
15804,41
15805,26
15805,31
15806,35
15807,25
15809,29
15853,41
15900,52
15901,42
15903,41
15904,26
15904,31
15905,35
15906,25
15908,29
15909,43
15930,25
15958,43
15971,25
16000,41
16001,26
16001,31
16002,35
16003,25
16005,29
16006,43
16007,52
16008,42
16057,42
16059,41
16100,26
16100,31
16101,35
16102,25
16104,29
16105,43
16107,42
16109,17
16109,41
16151,25
16159,31
16183,26
16200,35
16201,25
16203,29
16204,43
16206,42
16208,17
16208,41
16209,26
16209,31
16255,42
16300,25
16302,29
16303,43
16304,52
16305,42
16307,17
16307,41
16308,26
16308,31
16309,35
16354,42
16401,29
16402,43
16403,52
16404,42
16406,41
16407,26
16407,31
16408,35
16409,25
16428,43
16436,43
16451,43
16452,52
16477,43
16500,29
16501,43
16503,42
16505,17
16505,41
16506,26
16506,31
16507,35
16508,25
16600,43
16602,42
16604,17
16604,41
16605,31
16606,35
16607,25
16609,29
16653,17
16701,42
16703,17
16703,41
16704,31
16705,35
16706,25
16708,29
16709,43
16733,43
16755,25
16758,43
16800,42
16802,41
16803,31
16804,35
16805,25
16807,29
16808,43
16809,52
16853,35
16856,29
16901,41
16902,31
16903,35
16904,25
16906,29
16907,43
16908,52
16909,42
16950,41
16956,43
16972,43
17000,35
17001,25
17003,29
17004,43
17006,42
17008,17
17008,41
17009,31
17057,41
17100,25
17102,29
17103,43
17104,52
17105,42
17107,41
17108,31
17109,35
17154,42
17201,29
17202,43
17203,52
17204,42
17206,17
17206,41
17207,31
17208,35
17209,25
17214,41
17222,41
17251,43
17253,42
17255,41
17271,41
17297,41
17300,29
17301,43
17302,52
17303,42
17305,41
17306,31
17307,35
17334,29
17359,29
17400,43
17401,52
17402,42
17404,41
17405,31
17406,35
17407,25
17409,29
17453,41
17501,42
17503,17
17503,41
17504,31
17505,35
17508,29
17509,43
17550,42
17558,43
17600,42
17602,41
17603,31
17604,35
17607,29
17608,43
17609,52
17701,41
17702,31
17703,35
17706,29
17707,43
17708,52
17709,42
17756,43
17758,42
17800,17
17800,41
17801,31
17802,35
17805,29
17806,43
17808,42
17836,31
17876,31
17900,31
17901,35
17904,29
17905,43
17907,42
17909,17
17909,41
17954,43
17956,42
18001,29
18002,43
18003,52
18004,42
18006,17
18006,41
18007,31
18008,35
18051,43
18052,52
18100,29
18101,43
18102,52
18103,42
18105,41
18106,31
18107,35
18200,43
18202,42
18204,17
18204,41
18205,31
18206,35
18209,29
18251,42
18300,52
18301,42
18303,17
18303,41
18304,31
18305,35
18308,29
18309,43
18350,42
18357,29
18391,52
18400,42
18402,17
18402,41
18403,31
18404,35
18407,29
18408,43
18424,43
18432,43
18440,43
18451,17
18451,41
18456,29
18457,43
18465,43
18481,43
18499,43
18501,17
18501,41
18502,31
18503,35
18506,29
18507,43
18508,52
18509,42
18550,17
18555,29
18600,41
18601,31
18602,35
18605,29
18606,43
18607,52
18608,42
18614,43
18622,43
18659,17
18700,31
18701,35
18704,29
18705,43
18706,52
18707,42
18709,17
18709,41
18753,29
18756,42
18758,17
18789,52
18800,35
18803,29
18804,43
18805,52
18806,42
18808,17
18808,41
18809,31
18840,17
18855,42
18857,41
18859,35
18865,17
18881,17
18899,17
18902,29
18903,43
18904,52
18905,42
18907,17
18907,41
18908,31
18909,35
18954,42
19000,43
19001,52
19002,42
19004,17
19004,41
19005,31
19006,35
19009,29
19055,35
19058,29
19071,35
19100,52
19101,42
19103,41
19104,31
19105,35
19108,29
19109,43
19125,43
19150,42
19152,41
19157,29
19158,43
19176,42
19200,42
19202,41
19203,31
19204,35
19207,29
19208,43
19209,52
19251,41
19253,35
19258,52
19301,41
19302,31
19303,35
19306,29
19307,43
19308,52
19309,42
19356,43
19357,52
19358,42
19364,43
19372,43
19400,41
19401,31
19402,35
19405,29
19406,43
19407,52
19408,42
19456,52
19500,31
19501,35
19504,29
19505,43
19506,52
19507,42
19509,41
19553,29
19600,35
19603,29
19604,43
19605,52
19606,42
19608,41
19609,31
19657,41
19702,29
19703,43
19704,52
19705,42
19707,41
19708,31
19709,35
19711,43
19712,52
19737,43
19738,52
19752,43
19753,52
19801,29
19802,43
19803,52
19806,41
19807,31
19808,35
19853,42
19900,29
19901,43
19902,52
19905,41
19906,31
19907,35
19926,29
19954,41
19955,31
19959,29
20000,42
20002,17
20002,41
20003,31
20004,35
20007,29
20008,43
20009,52
20058,52
20101,17
20101,41
20102,31
20103,35
20106,29
20107,43
20108,52
20150,17
20150,41
20151,31
20157,52
20200,17
20200,41
20201,31
20202,35
20205,29
20206,43
20207,52
20230,43
20259,17
20263,43
20264,52
20280,52
20300,31
20301,35
20304,29
20305,43
20309,17
20309,41
20321,43
20333,41
20354,43
20358,41
20400,35
20403,29
20404,43
20405,52
20408,41
20409,31
20426,35
20442,35
20452,29
20453,43
20454,52
20499,17
20502,29
20503,43
20504,52
20507,41
20508,31
20509,35
20552,43
20578,43
20601,29
20602,43
20603,52
20606,41
20607,31
20608,35
20651,43
20655,17
20655,41
20677,43
20686,52
20700,29
20701,43
20702,52
20705,41
20706,31
20707,35
20800,43
20804,17
20804,41
20805,31
20806,35
20809,29
20839,31
20853,17
20853,41
20859,43
20870,31
20903,17
20903,41
20904,31
20905,35
20908,29
20909,43
20937,17
20978,17
21000,17
21000,41
21001,31
21002,35
21005,29
21006,43
21007,52
21054,29
21080,52
21100,31
21101,35
21104,29
21105,43
21109,17
21109,41
21150,35
21197,52
21200,35
21203,29
21204,43
21208,17
21208,41
21209,31
21257,17
21257,41
21258,31
21302,29
21303,43
21304,52
21307,17
21307,41
21308,31
21309,35
21329,43
21352,43
21356,41
21401,29
21402,43
21403,52
21406,41
21407,31
21408,35
21436,43
21450,29
21451,43
21452,52
21469,43
21477,43
21493,43
21500,29
21501,43
21502,52
21505,41
21506,31
21507,35
21551,52
21577,52
21600,43
21601,52
21604,41
21605,31
21606,35
21609,29
21626,43
21634,43
21667,43
21700,52
21703,41
21704,31
21705,35
21708,29
21709,43
21752,41
21802,41
21803,31
21804,35
21807,29
21808,43
21809,52
21832,43
21857,43
21858,52
21901,41
21902,31
21903,35
21906,29
21907,43
21908,52
21956,43
22000,35
22003,29
22004,43
22005,52
22008,41
22009,31
22052,29
22054,52
22081,17
22102,29
22103,43
22107,17
22107,41
22108,31
22109,35
22152,43
22156,41
22158,35
22172,41
22186,43
22201,29
22202,43
22203,52
22206,41
22207,31
22208,35
22250,29
22251,43
22300,29
22301,43
22302,52
22305,41
22306,31
22307,35
22327,43
22343,43
22350,43
22355,31
22376,43
22400,43
22404,41
22405,31
22406,35
22409,29
22454,31
22470,31
22503,41
22504,31
22505,35
22508,29
22509,43
22525,43
22533,43
22541,43
22558,43
22602,41
22603,31
22604,35
22607,29
22608,43
22651,41
22653,35
22656,29
22701,41
22702,31
22703,35
22706,29
22707,43
22730,29
22755,29
22800,41
22801,31
22802,35
22805,29
22806,43
22854,29
22855,43
22900,31
22901,35
22904,29
22905,43
22909,41
23001,29
23002,43
23006,41
23007,31
23008,35
23035,29
23050,29
23100,29
23101,43
23105,41
23106,31
23107,35
23200,43
23204,41
23205,31
23206,35
23209,29
23303,41
23304,31
23305,35
23308,29
23309,43
23357,29
23358,43
23402,41
23403,31
23404,35
23407,29
23408,43
23457,43
23501,41
23502,31
23503,35
23506,29
23507,43
23528,31
23600,41
23601,31
23602,35
23605,29
23606,43
23700,31
23701,35
23704,29
23705,43
23709,41
23754,43
23770,43
23800,35
23803,29
23804,43
23808,41
23809,31
23824,41
23857,41
23858,31
23902,29
23907,41
23908,31
23909,35
23956,41
24004,41
24005,31
24006,35
24009,29
24020,41
24053,41
24058,29
24103,41
24104,31
24105,35
24108,29
24202,41
24203,31
24204,35
24207,29
24301,41
24302,31
24303,35
24306,29
24400,41
24401,31
24402,35
24405,29
24500,31
24501,35
24504,29
24509,41
24600,35
24603,29
24608,41
24609,31
24652,29
24678,29
24702,29
24707,41
24708,31
24709,35
24801,29
24806,41
24807,31
24808,35
24900,29
24905,41
24906,31
24907,35
25001,41
25002,31
25003,35
25006,29
25100,41
25101,31
25102,35
25105,29
25200,31
25201,35
25204,29
25209,41
25253,29
25300,35
25303,29
25308,41
25309,31
25357,41
25402,29
25407,41
25408,31
25409,35
25456,41
25501,29
25506,41
25507,31
25508,35
25555,41
25600,29
25605,41
25606,31
25607,35
25704,41
25705,31
25706,35
25709,29
25753,41
25758,29
25803,41
25804,31
25805,35
25808,29
25854,35
25902,41
25903,31
25904,35
25907,29
25931,29
25952,31
25956,29
26000,31
26001,35
26004,29
26009,41
26100,35
26103,29
26108,41
26109,31
26202,29
26207,41
26208,31
26209,35
26256,41
26272,41
26301,29
26306,41
26307,31
26308,35
26355,41
26400,29
26405,41
26406,31
26407,35
26504,41
26505,31
26506,35
26509,29
26603,41
26604,31
26605,35
26608,29
26652,41
26657,29
26678,41
26702,41
26703,31
26704,35
26707,29
26752,31
26801,41
26802,31
26803,35
26806,29
26900,41
26901,31
26902,35
26905,29
26950,31
27002,29
27007,41
27008,31
27009,35
27057,31
27073,31
27101,29
27106,41
27107,31
27108,35
27200,29
27205,41
27206,31
27207,35
27256,35
27304,41
27305,31
27306,35
27309,29
27339,31
27354,31
27370,31
27388,31
27403,41
27404,31
27405,35
27408,29
27502,41
27503,31
27504,35
27507,29
27601,41
27602,31
27603,35
27606,29
27700,41
27701,31
27702,35
27705,29
27800,31
27801,35
27804,29
27809,41
27858,41
27882,41
27900,35
27903,29
27908,41
27909,31
27957,41
27965,41
28000,29
28005,41
28006,31
28007,35
28059,29
28104,41
28105,31
28106,35
28109,29
28203,41
28204,31
28205,35
28208,29
28253,31
28302,41
28303,31
28304,35
28307,29
28401,41
28402,31
28403,35
28406,29
28500,41
28501,31
28502,35
28505,29
28534,41
28559,41
28600,31
28601,35
28604,29
28609,41
28625,41
28633,41
28658,41
28700,35
28703,29
28708,41
28709,31
28802,29
28807,41
28808,31
28809,35
28858,35
28901,29
28907,31
28908,35
28950,29
29004,31
29005,35
29008,29
29057,29
29103,31
29104,35
29107,29
29202,31
29203,35
29206,29
29255,29
29301,31
29302,35
29305,29
29354,29
29370,29
29400,31
29401,35
29404,29
29500,35
29503,29
29509,31
29602,29
29608,31
29609,35
29657,31
29658,35
29701,29
29707,31
29708,35
29750,29
29800,29
29806,31
29807,35
29905,31
29906,35
29909,29
30002,31
30003,35
30006,29
30051,31
30101,31
30102,35
30105,29
30154,29
30200,31
30201,35
30204,29
30300,35
30303,29
30309,31
30402,29
30408,31
30409,35
30501,29
30507,31
30508,35
30556,31
30600,29
30606,31
30607,35
30655,31
30705,31
30706,35
30709,29
30758,29
30766,29
30774,29
30804,31
30805,35
30808,29
30903,31
30904,35
30907,29
31000,31
31001,35
31004,29
31053,29
31100,35
31103,29
31109,31
31158,31
31202,29
31208,31
31209,35
31301,29
31307,31
31308,35
31350,29
31400,29
31406,31
31407,35
31505,31
31506,35
31509,29
31604,31
31605,35
31608,29
31703,31
31704,35
31707,29
31802,31
31803,35
31806,29
31901,31
31902,35
31905,29
32002,29
32008,31
32009,35
32058,35
32101,29
32107,31
32108,35
32157,35
32200,29
32206,31
32207,35
32305,31
32306,35
32309,29
32404,31
32405,35
32408,29
32457,29
32503,31
32504,35
32507,29
32602,31
32603,35
32606,29
32701,31
32702,35
32705,29
32800,31
32801,35
32804,29
32827,35
32843,35
32868,35
32900,35
32903,29
32909,31
33000,29
33006,31
33007,35
33059,29
33105,31
33106,35
33109,29
33158,29
33174,29
33204,31
33205,35
33208,29
33254,35
33257,29
33303,31
33304,35
33307,29
33402,31
33403,35
33406,29
33455,29
33501,31
33502,35
33505,29
33600,31
33601,35
33604,29
33700,35
33709,31
33758,31
33808,31
33809,35
33907,31
33908,35
34004,31
34005,35
34103,31
34104,35
34202,31
34203,35
34301,31
34302,35
34400,31
34401,35
34500,35
34509,31
34608,31
34609,35
34707,31
34708,35
34757,35
34806,31
34807,35
34905,31
34906,35
35001,31
35002,35
35050,31
35076,31
35100,31
35101,35
35200,35
35209,31
35308,31
35309,35
35357,31
35407,31
35408,35
35456,31
35506,31
35507,35
35605,31
35606,35
35704,31
35705,35
35803,31
35804,35
35902,31
35903,35
36000,35
36009,31
36108,31
36109,35
36207,31
36208,35
36257,35
36306,31
36307,35
36405,31
36406,35
36504,31
36505,35
36520,31
36553,31
36570,35
36579,31
36603,31
36604,35
36652,31
36702,31
36703,35
36801,31
36802,35
36900,31
36901,35
36959,31
37007,31
37008,35
37106,31
37107,35
37156,35
37205,31
37206,35
37304,31
37305,35
37403,31
37404,35
37502,31
37503,35
37536,31
37601,31
37602,35
37700,31
37701,35
37800,35
37809,31
37908,31
37909,35
38005,31
38006,35
38104,31
38105,35
38203,31
38204,35
38302,31
38303,35
38351,31
38401,31
38500,31
38501,35
38600,35
38609,31
38625,31
38658,31
38674,31
38682,31
38708,31
38709,35
38807,31
38808,35
38906,31
38907,35
39003,31
39004,35
39102,31
39103,35
39201,31
39202,35
39250,31
39300,31
39301,35
39400,35
39409,31
39508,31
39509,35
39607,31
39608,35
39706,31
39707,35
39805,31
39806,35
39904,31
39905,35
40001,31
40002,35
40100,31
40101,35
40159,31
40200,35
40209,31
40259,35
40308,31
40309,35
40407,31
40408,35
40506,31
40507,35
40530,31
40555,31
40605,31
40606,35
40704,31
40705,35
40754,35
40803,31
40804,35
40852,31
40853,35
40902,31
40903,35
41000,35
41009,31
41059,35
41108,31
41109,35
41207,31
41208,35
41306,31
41307,35
41405,31
41406,35
41504,31
41505,35
41603,31
41604,35
41653,35
41702,31
41703,35
41801,31
41802,35
41900,31
41901,35
42007,31
42008,35
42106,31
42107,35
42205,31
42206,35
42254,31
42304,31
42305,35
42403,31
42404,35
42502,31
42503,35
42601,31
42602,35
42700,31
42701,35
42800,35
42809,31
42908,31
42909,35
43005,31
43006,35
43104,31
43105,35
43153,31
43203,31
43204,35
43238,35
43253,35
43302,31
43303,35
43401,31
43402,35
43450,31
43500,31
43501,35
43600,35
43609,31
43708,31
43709,35
43807,31
43808,35
43906,31
43907,35
44003,31
44004,35
44102,31
44103,35
44201,31
44202,35
44251,35
44300,31
44301,35
44359,31
44375,31
44400,35
44409,31
44508,31
44509,35
44607,31
44608,35
44656,31
44672,31
44706,31
44707,35
44805,31
44806,35
44904,31
44905,35
45000,31
45001,35
45059,31
45100,35
45109,31
45159,35
45208,31
45209,35
45307,31
45308,35
45356,31
45372,31
45406,31
45407,35
45455,31
45505,31
45506,35
45604,31
45605,35
45703,31
45704,35
45802,31
45803,35
45851,31
45877,31
45901,31
46008,31
46009,35
46107,31
46108,35
46206,31
46207,35
46255,31
46256,35
46305,31
46306,35
46404,31
46405,35
46503,31
46504,35
46552,31
46602,31
46603,35
46701,31
46702,35
46750,31
46801,35
46900,35
46909,31
47006,31
47007,35
47105,31
47106,35
47204,31
47205,35
47303,31
47304,35
47402,31
47403,35
47501,31
47502,35
47600,31
47601,35
47650,35
47700,35
47709,31
47808,31
47809,35
47907,31
47908,35
47956,31
48004,31
48005,35
48054,35
48103,31
48104,35
48202,31
48203,35
48301,31
48302,35
48400,31
48401,35
48500,35
48509,31
48608,31
48609,35
48707,31
48708,35
48756,31
48806,31
48807,35
48905,31
48906,35
49002,31
49003,35
49101,31
49102,35
49150,31
49200,31
49201,35
49250,35
49300,35
49309,31
49408,31
49409,35
49507,31
49508,35
49606,31
49607,35
49705,31
49706,35
49804,31
49805,35
49903,31
49904,35
49952,31
49953,35
50000,31
50001,35
50100,35
50109,31
50158,31
50208,31
50209,35
50307,31
50308,35
50406,31
50407,35
50505,31
50506,35
50539,31
50570,31
50604,31
50605,35
50703,31
50704,35
50802,31
50803,35
50901,31
50902,35
51008,31
51009,35
51107,31
51108,35
51206,31
51207,35
51305,31
51306,35
51404,31
51405,35
51503,31
51504,35
51602,31
51603,35
51701,31
51702,35
51800,31
51801,35
51900,35
51909,31
52006,31
52007,35
52105,31
52106,35
52131,31
52170,31
52204,31
52205,35
52303,31
52304,35
52402,31
52403,35
52501,31
52502,35
52551,35
52600,31
52601,35
52700,35
52709,31
52808,31
52809,35
52907,31
52908,35
53004,31
53005,35
53103,31
53104,35
53202,31
53203,35
53301,31
53302,35
53400,31
53401,35
53500,35
53509,31
53608,31
53609,35
53658,35
53707,31
53708,35
53806,31
53807,35
53856,35
53905,31
53906,35
53955,35
54002,31
54003,35
54101,31
54102,35
54150,31
54200,31
54201,35
54300,35
54309,31
54408,31
54409,35
54457,31
54507,31
54508,35
54606,31
54607,35
54656,35
54705,31
54706,35
54755,35
54804,31
54805,35
54903,31
54904,35
54953,35
55000,35
55009,31
55108,31
55109,35
55207,31
55208,35
55306,31
55307,35
55356,35
55405,31
55406,35
55504,31
55505,35
55603,31
55604,35
55702,31
55703,35
55801,31
55802,35
55900,31
55901,35
56007,31
56008,35
56106,31
56107,35
56205,31
56206,35
56304,31
56305,35
56354,35
56403,31
56404,35
56452,31
56453,35
56502,31
56503,35
56601,31
56602,35
56700,31
56701,35
56800,35
56809,31
56908,31
56909,35
56958,35
57005,31
57006,35
57104,31
57105,35
57154,35
57203,31
57204,35
57252,31
57278,31
57302,31
57303,35
57336,31
57377,31
57401,31
57500,31
57609,31
57658,31
57708,31
57807,31
57906,31
58003,31
58102,31
58201,31
58300,31
58409,31
58508,31
58607,31
58706,31
58805,31
58904,31
58953,31
59001,31
59100,31
59209,31
59308,31
59357,31
59407,31
59506,31
59605,31
59704,31
59803,31
59902,31
60009,31
60108,31
60207,31
60306,31
60405,31
60454,31
60504,31
60603,31
60702,31
60801,31
60900,31
60959,31
61007,31
61056,31
61106,31
61205,31
61304,31
61403,31
61502,31
61601,31
61650,31
61700,31
61809,31
61908,31
62005,31
62104,31
62203,31
62252,31
62302,31
62401,31
62450,31
62500,31
62559,31
62575,31
62609,31
62658,31
62708,31
62807,31
62906,31
62922,31
62948,31
62955,31
63003,31
63102,31
63201,31
63300,31
63409,31
63508,31
63607,31
63706,31
63805,31
63904,31
64001,31
64100,31
64209,31
64308,31
64407,31
64431,31
64472,31
64506,31
64605,31
64704,31
64803,31
64902,31
65008,31
65107,31
65206,31
65305,31
65404,31
65503,31
65537,31
65552,31
65560,31
65578,31
65602,31
65701,31
65800,31
65909,31
66006,31
66105,31
66204,31
66303,31
66402,31
66501,31
66600,31
66709,31
66808,31
66907,31
66956,31
67004,31
67103,31
67202,31
67301,31
67400,31
67509,31
67608,31
67707,31
67806,31
67905,31
68002,31
68051,31
68101,31
68200,31
68309,31
68408,31
68507,31
68606,31
68705,31
68804,31
68903,31
69000,31
69059,31
69109,31
69208,31
69307,31
69356,31
69406,31
69505,31
69604,31
69703,31
69802,31
69901,31
70008,31
70057,31
70107,31
70206,31
70305,31
70404,31
70438,31
70479,31
70503,31
70529,31
70578,31
70602,31
70651,31
70701,31
70750,31
70800,31
70909,31
71006,31
71030,31
71071,31
71105,31
71154,31
71204,31
71303,31
71402,31
71501,31
71600,31
71709,31
71808,31
71907,31
72004,31
72103,31
72202,31